           B1_1.JPG    FC300X_(3.61_mm)
             23 1.914665092190650 2.171770616982248
             31 -0.652037067268854 1.736701663213375
             32 -1.483332271820586 1.687329385767515
             36 -0.057530579487142 1.484316959405341
             41 -0.350713133101199 1.346876918470461
             45 1.385557723335575 1.203267446124269
             49 -1.564786974923982 0.950569766293315
             51 -0.645078951532952 0.896625779536705
             57 -1.283629545451029 0.567363849541687
             66 -1.994987151940917 0.231400724426597
             70 -0.376949923589230 -0.164066359302794
             74 1.600291497385292 -0.717668225074501
             76 1.263485062523398 -1.061605517845167
             88 1.285974339316325 1.754779341335361
             90 0.813413911019211 1.744942237051118
             92 1.261825517410084 1.708157496797603
             94 -0.065823347772814 1.558062804713590
             96 0.754859271697096 1.464466958029585
             97 -1.758649738397369 1.452609714112777
             98 -0.968115966703518 1.453099436266217
            105 -0.249404996658347 1.299657673918194
            112 0.590989487648418 1.168771444328960
            116 0.663645684482105 1.115171988594841
            117 -1.545492475005905 1.072196176492243
            124 0.613363984322064 0.949486791081501
            128 0.152480240518239 0.731042968940397
            131 1.160451792327643 0.665235446333531
            138 0.160572429592146 0.593369173144658
            144 -0.270107936345731 0.415539686083984
            148 0.906979156026897 0.369744706466971
            155 -0.918468607833918 0.173250103497762
            156 1.757683640615986 0.156128036601411
            157 -0.470094562379089 0.121466919219231
            170 1.667602220092500 -0.342801884780112
            171 0.851288299747288 -0.385408760785024
            218 -2.525284744873412 1.730544243675010
            219 0.161617271873966 1.684403398382957
            227 -1.076068384868426 1.491557926149469
            228 1.225190448906794 1.317680631285640
            229 1.348018523062140 1.288850610893405
            230 1.093916312087202 1.258741230699890
            234 -2.844656017650628 0.953756821249841
            235 -1.248208629438729 0.673191310182711
            236 -0.193450641832483 0.522491877495165
            239 1.516451674843132 0.211233361740971
            240 -0.265032062034305 0.024772295311634
            244 1.711608383963521 -0.354229942569843
            246 0.547628151623586 -0.448942416776382
            250 1.807106205863274 -0.762466600566135
            292 -0.954653135769336 1.374332818730383
            297 1.108896452305822 1.089346461756789
            301 0.166939103583849 1.041763905714009
            302 -0.681203610768281 1.032994380471094
            304 -0.269932334203111 0.967699936437289
            306 0.767027108328700 0.927620511032342
            312 0.208577593831578 0.794637351622770
            325 0.644101795201871 0.533395607497487
            326 -0.186974335667049 0.521869929406972
            334 -0.427671487096745 0.399903850134127
            335 0.029754934609226 0.400902360906005
            358 1.824928393354305 -0.162841148262105
            396 1.392679429341148 -0.991042056209519
            397 1.999935662266164 -1.000690450156458
            406 0.585653928083737 2.182890203201415
            427 -0.644763020207957 0.875994529757708
            432 -1.266998821357643 0.320285724271539
            436 1.838213143505417 -0.189597499921297
            459 -1.459604628126122 1.988416395274504
            471 1.266651621030053 1.486321130873471
            479 -0.953896197108967 1.040487691879454
            488 0.603949726565286 2.275389007197401
            491 0.568488389647193 2.030317764408375
            504 -1.286060138408810 1.408391626483317
            509 1.251322183172693 1.369610246015346
            510 -1.959428766715991 1.323763691610517
            513 0.779845111416692 1.296284530263300
            518 -0.232105611637526 1.195779568658434
            534 0.715289874230810 0.944747916538892
            538 0.008764853958990 0.801490792465840
            543 -0.421348856639184 0.660668837302167
            545 -1.890307301828045 0.642147863869007
            546 -1.276357214371982 0.641763865263973
            552 2.627463360775689 0.520022198284140
            554 0.112748396770182 0.440426189520948
            564 -0.028210550944491 0.274824407791969
            575 1.546721213342619 0.126681216066533
            583 1.695917445929823 -0.333363984606737
            591 -0.796933049340700 -0.433871329519727
            604 1.532326032270098 -0.711091057309234
            622 0.796220154214472 2.038042971697258
            627 2.853923773456988 1.840264695139064
            635 0.799801598999455 1.458985826004654
            636 -0.721975339517259 1.449320558236193
            640 -0.721977627493059 1.047128732302460
            642 2.154737816891704 0.873795975678937
            647 -2.898567543750580 0.587333874314597
            651 0.915475172829434 0.346960662125195
            655 -0.094328666266154 0.254309463449452
            659 1.614388097615965 0.111437386637008
            665 -0.134083771101508 -0.279603035914096
            670 1.667219365475366 -0.896685171575170
            672 0.454002656586510 2.224152988756383
            681 1.513532599052134 1.736939565030371
            683 0.495670890519634 1.664380988497467
            691 -1.308439783028006 1.408864379482911
            698 1.386388639880132 1.229306708034935
            703 -0.894158864963105 1.065016985094704
            710 0.497553131944110 0.871091302286828
            713 -1.958462478269957 0.706658866856097
            716 0.205765671573862 0.678032666974677
            728 1.663323324017937 0.483833094397123
            732 0.368665353883507 0.799749356885365
            735 -2.536737922730777 0.690330155568259
            739 -1.303571923849695 0.644169862481909
            740 -1.262175005713474 0.633877784676681
            745 0.735010318976914 0.541501333761541
            751 0.188075042691309 0.496837567512783
            759 -1.614841116824287 0.315458857992971
            764 -1.511005148452170 0.226163929150599
            770 -1.496202326358019 0.190914992652570
            779 1.844476477256838 -0.161209058858386
            781 -0.253113424100208 -0.216144692459475
            784 1.537014094683490 -0.332462522141692
            815 1.464757530956135 -0.852257257498421
            831 -1.254175670324102 1.883778658216194
            833 -1.152560373130152 1.857173217627451
            836 0.804575841834633 1.727149221251532
            838 1.441677956406909 1.678780745521587
            839 -2.114218146809982 1.662735600234413
            841 1.412423516503848 1.579141449093735
            842 0.624320719097077 1.505381208604413
            851 1.246665771091195 0.903372066846493
            861 -0.562524399396220 0.139709903592739
            866 -1.661204086433552 -0.094668812001696
            869 1.640705157921632 -0.782834351798878
            876 1.416023265095228 -1.023754390204386
            887 -1.013980729582419 1.454939064141426
            888 -1.745669384359930 1.416449686584879
            889 0.777211269942046 1.416831683211089
            890 -2.079292196228997 1.380259629374612
            891 -2.023003701604067 1.379415270972233
            898 -2.762592021825180 0.862356001348582
            906 -1.615393472315241 0.307286589766078
            908 0.446099988174671 0.276562316076420
            915 0.129150132618957 2.171053670232209
            916 -1.119816579468042 1.895176114329606
            919 -1.886332515870180 1.554002839323352
            921 -1.970683415006577 1.242778976869289
            922 -2.907645421398654 0.793672969823236
            928 -1.971460182790544 2.308740192893334
            929 -1.669111807458615 2.251607173034455
            932 -0.041264215539843 2.145625393192364
            938 -1.102158172911333 1.955007801644121
            939 -1.165697739506840 1.921301747326707
            940 -1.533034637441701 1.907302719730655
            941 0.664013667256541 1.890633338379489
            943 -1.844664758598681 1.859672688190033
            944 -2.322044140591390 1.846078870641325
            947 -0.518234335861398 1.457244962418128
            952 -1.997962855132954 1.418606008443683
            956 -1.540090945472335 1.287792803415387
            958 -2.596843761978863 1.006556152780373
            961 -2.195900217508465 0.732681540942215
            966 1.897009545603691 -0.044776830386188
            975 -2.764153303144517 2.200850825144862
            976 -2.305816386235710 2.164562539890240
            977 -2.750300539168072 1.996666955173290
            978 -0.849522363759292 1.996867010057268
            981 -1.073527969072263 1.941748004729073
            982 1.552435432902134 1.660263823712239
            983 2.238537218528072 0.879462815072936
            986 -2.731351952591198 2.292565550559210
            989 2.065827458648316 2.254874402476292
            993 -2.867323446725867 2.175491985787226
            995 -1.367928297805661 2.085649932815234
            997 0.166150514591585 2.068979669640061
            998 1.443069808351670 2.069614964253752
           1001 -1.717440052947417 1.900494704740440
           1003 -1.139365235364525 1.823703277645941
           1011 -2.681216444551519 1.515554597665036
           1014 1.505362618801041 1.389634324216523
           1015 0.996844362837320 1.354062783130749
           1023 -1.003333252869653 0.278000499531122
           1024 0.411093577111400 0.269600768376818
           1029 -1.455926516363606 0.168654704104254
           1032 1.599667261321300 0.131873586479088
           1037 2.388128126940709 -0.054886442121397
           1044 -0.105829748616824 -0.168802659872628
           1050 1.679194249481204 -0.480325627496327
           1054 1.758462696375752 -0.512401332224953
           1056 -1.323774940824865 -0.546619154295959
           1058 1.514704042661533 -0.567130285345477
           1096 -1.673532748697404 2.197074068259069
           1098 -1.023823982801624 2.178838484057287
           1099 0.752956057161123 2.057960277694452
           1101 1.505097594937587 1.952556021077112
           1102 -0.487606919813923 1.945472924663157
           1105 1.207806790110688 1.817980192180202
           1111 -0.156840169069038 1.665096314597982
           1115 0.433597725747024 1.593892172072282
           1116 -1.827459847911919 1.433649067996792
           1121 -0.102779686211299 1.167349467369505
           1124 -1.567325198076670 0.795776000912374
           1127 -1.240295665135792 0.581813942033398
           1130 1.139005832499337 0.407673815949589
           1137 -1.062073599560836 -0.562074621486948
           1138 2.751143324587089 -0.611448757913144
           1141 1.853274506864923 -0.747726507141824
           1142 1.651648164841848 -0.804650582377420
           1145 1.447885616080540 -0.960126545875944
           1158 -1.179183068869717 1.908911214383941
           1174 1.553908507987781 1.468471583005170
           1177 0.427102543781243 1.421119349859550
           1178 -1.290437608107407 1.414068666436089
           1182 -1.612658197246813 1.314461640000244
           1183 -0.335545188202361 1.313628721476863
           1184 -1.531323803537545 1.291710103981287
           1190 -0.344591844514003 1.155149313079731
           1194 -1.465224468683904 1.035960741095283
           1199 1.545667981816200 0.943756651023713
           1200 0.917565620051674 0.924500951361904
           1217 -0.001808263540289 0.462494097437448
           1219 0.125718168919548 0.412816613553153
           1224 1.710245513045556 0.354150816740107
           1232 0.128447342719178 0.142157847033667
           1240 2.831627449289828 -0.129547477749489
           1243 1.834790331709206 -0.156684014720715
           1250 1.551742176234854 -0.344986711004085
           1252 0.764128624319899 -0.397710634665555
           1292 0.600634449631657 0.913255168977541
           1295 -0.981573649692150 0.852186520913284
           1296 -2.951452674373597 0.773319613771566
           1298 -1.943747647911766 0.650277423214307
           1304 -2.663474717542775 0.087957797652152
           1308 -2.269760652271344 -0.673397228004675
           1310 -1.193313416743434 1.986271274963886
           1311 -1.078815481145153 1.968485456754837
           1315 -2.819087578259975 0.766534430873185
           1325 2.041468905627112 2.169138443823290
           1327 2.019538276258588 2.080150639982393
           1335 0.748983749843708 1.870628517307959
           1336 -1.498409269681389 1.854787287863925
           1345 1.414844194899831 1.542003216579181
           1352 1.363791065566023 1.278674075866058
           1356 -2.940647946990771 0.799035508435887
           1362 2.305346874535165 0.375792398499280
           1375 -2.803852543237430 2.203566151924288
           1376 -2.955455631033495 2.128779396792624
           1378 -1.183718027569186 2.074100516975798
           1385 -1.844134615539447 2.245595051875906
           1388 0.264100665219216 2.074975786884553
           1390 1.250394790315253 1.919937112760729
           1393 -0.464654137256926 1.620043115801666
           1394 0.933421292342943 1.583483073838137
           1395 -0.802038667337520 1.450555111844731
           1397 -1.255091051308594 1.256882441027361
           1399 -0.446245083973296 1.127546791703985
           1404 -2.645574834206883 0.965159139311827
           1412 0.699443735172040 0.584727107220246
           1413 2.492656970650806 0.111442534582557
           1415 2.560477149302726 0.017067155477161
           1419 -1.593962098332658 2.292499163511400
           1420 -2.844804450080627 2.142210768059561
           1421 -0.090278567771552 2.089054655302779
           1423 -0.880136814610570 1.193025513121983
           1424 2.295437651347072 0.495289370555050
           1427 2.101552294112663 2.241681266689489
           1428 -0.250235913202904 2.226292758540262
           1431 -2.988680972102179 2.116798220853338
           1432 -2.383006683777940 2.099542831700497
           1433 -1.213243401939851 1.976270985572353
           1435 -0.101248267742763 1.960976177182043
           1438 0.556132176341421 1.766639731218893
           1439 -2.965926135201470 1.748635363654819
           1448 -1.960198861237208 1.422509104493161
           1449 1.864127138741054 1.272995510596086
           1452 -2.603787291869042 1.056690278501338
           1453 0.927192659557816 1.039271060748013
           1458 -0.348325439689660 -0.198633288347891
           1465 1.784802636439415 -0.943303822480041
           1470 -2.423789328078129 1.888866401402081
           1471 -2.454810466627787 1.871004603330019
           1473 0.296963624287556 1.463477122499280
           1474 -1.352177872401174 0.882103901804281
           1477 1.755754114358318 -0.934154969916017
           1478 -2.677334321613538 2.220775006985996
           1479 1.754118974320200 1.442012572867602
           1487 -2.837767494511964 1.642890031811769
           1488 -2.628481939001977 1.606581142858409
           1496 -1.123190390449210 2.178411824236823
           1497 1.366027943239438 2.180766770994731
           1499 1.955015070733901 1.129901976792705
           1501 1.315440798310150 0.681086542673201
           1502 -0.243956754285535 0.339191458968333
           1505 -2.732772022904153 2.218424278683470
           1507 -2.818275203852627 0.927522128072959
           1509 -2.492416828524173 1.885914149961989
           1514 -2.927439260118455 2.131322910889349
           1516 1.713875386651631 2.013778535513893
           1518 -1.483223020976154 1.922027035655182
           1520 -0.980780484748287 1.687904954679603
           1521 0.815522662047848 1.693820134780185
           1524 -2.955897496359794 1.119118937513812
           1527 -0.799084127921629 0.430680556602527
           1531 -2.796508236253020 1.654375622659628
           1534 -0.206033555407066 2.232419099740682
           1538 -0.018528600019159 1.821461681022439
           1559 -1.330522944116503 2.227285203792963
           1561 0.498049622692624 1.387442538732825
           1575 1.668446483162555 -0.947396629856236
           1597 0.072289358047150 1.465591307470441
           1598 1.562818267080746 1.411591741968366
           1599 2.799060020428937 1.363242523368068
           1604 -1.568975495954461 0.372932047420472
           1606 2.339186036611338 0.203750536888359
           1608 -2.631693256035211 -0.172356267618716
           1616 0.314449479336044 1.995966786912448
           1623 2.903059197741425 1.822608242895017
           1625 0.002413814468584 1.801019999571672
           1630 0.245289309524155 1.678879033148645
           1637 -1.375648500147481 1.405462254801222
           1648 -0.576882210197347 1.071228744058310
           1651 0.135270849212203 1.034561834558474
           1653 -0.646245819190751 1.025207350169460
           1655 2.837794688057666 1.024886938225191
           1657 0.698437025820213 0.905324377529832
           1663 1.035436031978574 0.740375622226990
           1680 1.723691184161240 0.312597744255563
           1684 1.757176472647073 0.174339561307675
           1686 2.347660698973078 0.163613721423772
           1697 1.499898169932983 -0.256589050004459
           1700 1.880146401301995 -0.335248132677712
           1702 1.716831451384722 -0.351783524446115
           1752 0.767059521319194 1.896132631212329
           1754 -1.426674936430293 1.649733891756177
           1756 -1.549677278075709 1.501830079498775
           1764 -1.754382377534129 0.877471704133329
           1767 0.108583136826999 0.444731587981857
           1768 -1.874601777948625 0.406337447417969
           1771 -1.275502464746179 0.274454709035682
           1773 -0.001353528350117 0.053205161237987
           1774 -1.637251077122827 -0.012355641311822
           1779 0.589590009117659 2.202640034136695
           1781 -0.405644381415339 2.176545825057217
           1792 2.484788621875961 1.873586155024412
           1794 2.836000152372175 1.844484437505974
           1797 2.900034875063646 1.752862065281454
           1804 -0.181809802293388 1.550156609005727
           1819 -1.771008525675916 1.191785144241622
           1822 -0.437599204755885 1.119397593899739
           1835 1.244468551664973 0.654149440925840
           1846 1.702120529651855 0.299740654914328
           1853 -0.760590651075108 0.157685957456293
           1855 0.137008566832004 0.137838530053311
           1857 2.595580418008181 0.062860228447674
           1888 1.466267213654575 -0.736688739890575
           1899 -2.734201602616525 -0.873032840417443
           1904 -2.620140074568938 -0.963997800928877
           1911 1.406000787105054 -1.135394262699659
           1945 1.488732848030905 -0.641518289194816
           1946 -2.230862871034568 -0.686300076861903
           1960 1.128644352761521 2.092076976001733
           1979 0.676335560925319 1.274673168851147
           1986 0.606379556864467 1.142956022717356
           1993 0.564847457491420 1.012957146409070
           1999 0.755064045531160 0.893366462677841
           2021 2.383855713464244 1.709952127815419
           2034 -0.195483698995083 1.407601035512228
           2038 -0.302061425033728 1.288810857313887
           2039 -0.216506383300463 1.280159925483252
           2055 -1.601915483541388 0.944721986146497
           2062 0.452679443915738 0.820705499227905
           2068 0.330822996816625 0.689820508958897
           2071 1.197597460763546 0.652306285754608
           2072 -1.292510323517200 0.633748895373304
           2073 0.158094933130472 0.623606679982950
           2076 0.278411953845751 0.604642220573966
           2079 -1.360969419411159 0.566966313746505
           2089 -1.277958797431706 0.284727911040563
           2093 -0.959198581024554 0.165658218465370
           2096 1.602837633120954 0.135517378604611
           2106 1.590994689052894 -0.143035476417466
           2116 -2.257509495187704 -0.334156577556650
           2146 1.735996680670121 -0.932384839305722
           2163 0.556143997549719 1.775342666832807
           2165 -1.741224800704545 1.636623552093623
           2167 1.489717440283336 1.388983490433860
           2171 -2.682190407249714 0.899565542442224
           2177 -1.220949495097574 0.537480978952333
           2179 -0.075156763718006 0.281132357071482
           2186 -2.033434773939120 -0.084187976193001
           2187 -0.294665733926152 -0.200675878742989
           2189 1.874158005975826 -0.358210829796508
           2203 1.265219348179500 2.144709761960518
           2225 -0.779415734624966 1.471272446713188
           2242 -0.876452601579254 1.074810474840268
           2249 -0.193263599810865 0.990891431136045
           2256 -2.278286698756251 0.715281294321562
           2263 -0.153384372288384 0.622624566370970
           2268 0.105646138558905 0.445084889578246
           2280 0.255418559718311 0.634403256451991
           2287 0.140583529018888 0.549678559269333
           2290 0.156330522459676 0.426651049890121
           2298 0.414887803645747 0.248316492171684
           2301 1.768945820160246 0.207819701847959
           2302 -0.909609756202494 0.190776379452044
           2320 0.867843329974637 -0.112747252782282
           2361 1.288549837408082 -1.110630737961923
           2373 1.423556044086130 2.251408798382705
           2378 0.439226908872655 1.718993064187562
           2386 -1.272686347866164 1.395548074332229
           2393 -1.959709425080742 0.957928563791122
           2396 -2.841864282012727 0.620994574278400
           2399 -1.788948448588301 0.417758259951002
           2400 -1.301144000197013 0.268953080560880
           2408 -2.824597595979376 -0.620226005074383
           2411 2.030776813386253 -0.996686111177847
           2417 -2.457554083274652 1.737601123699595
           2418 -0.463183731476379 1.682046020650762
           2422 -0.291014315214631 1.228956838402245
           2426 2.250308854017044 0.528910030942359
           2429 -2.023864838495643 0.116855122665825
           2437 -0.940829185988117 1.630394919308495
           2438 -2.864099831822710 1.092366303815294
           2440 -2.879211268485914 0.575853574410775
           2442 -1.659181325162050 0.138780032094849
           2447 -0.209434822097830 2.221589466787953
           2452 -0.952523030299903 2.157551455131269
           2457 -1.510997331201521 1.861229655721665
           2463 -2.779310809153769 1.648539759053433
           2467 1.506429578182258 1.399767483036002
           2471 -2.052931950380112 1.062400303438555
           2472 1.187525791293680 1.062713660790776
           2479 -2.000608613148224 -0.116608402608767
           2481 1.789523874501902 -0.435183864970101
           2485 -2.789824439282258 1.808838394208226
           2488 -2.002887627709281 0.187398755177876
           2489 0.957176201082352 2.307262178401599
           2491 -0.031633172076052 2.146209482430998
           2494 -1.173808804381093 1.914967343327011
           2498 -1.852934361129381 1.672083840356141
           2500 0.381890997993129 1.655133085647785
           2502 -2.628407246125352 1.554533554376536
           2505 0.774205632399964 1.408449493204582
           2506 -0.421555155790448 0.401540134160145
           2508 -0.205681779127877 0.377451371618644
           2511 2.316646043021520 0.329466227167458
           2526 -0.509038579793482 0.115070120212832
           2550 -0.943732627277817 -0.576212786611313
           2564 1.660025206902805 -0.887471111700857
           2569 1.483833529185349 -1.051183025419362
           2570 1.509764302910183 -1.069863585164545
           2577 -0.638144859542947 2.253511275352704
           2581 0.186399481747398 1.802037624474710
           2599 -1.225564532950029 0.576847318566403
           2601 0.452842271526810 0.295808577838055
           2603 1.830150698116905 -0.160475762614612
           2606 -2.668462981447541 -0.825932570606755
           2607 2.002599628755506 -0.995287776634988
           2617 -0.614694251584885 2.100306896452159
           2633 -0.459026860777795 1.626477428077945
           2637 1.724049252373878 1.458996884554352
           2638 1.769996382381565 1.440009354722722
           2643 0.780462864882586 1.300888986227682
           2649 0.700944265967281 1.254067849464545
           2653 -0.115150390030468 1.180824691505934
           2667 -1.554686133762672 0.934994085040522
           2668 -0.401863120077190 0.916445655897767
           2671 0.112262201912766 0.814620436924203
           2681 0.165064870074672 0.590411583094367
           2684 -1.284400783960146 0.573512403173828
           2692 0.905265462152992 0.354282756677884
           2695 2.866164443984880 0.326626086541547
           2701 -1.415037910184197 0.142508479324957
           2717 1.788361964125002 -0.185923773445730
           2718 -2.084889729022733 -0.204680980380199
           2719 1.552446872781133 -0.239955465941324
           2722 1.711836418884882 -0.360951824804436
           2730 1.746196095455464 -0.469850702291781
           2732 -0.894674803505916 -0.502267506079198
           2738 1.648659305788963 -0.617156113545261
           2753 -0.335642999167794 1.320505423407228
           2755 -2.030194237548278 1.066027412407205
           2761 -1.349979127657752 0.609727246788591
           2766 -2.768648913426849 -0.450761357537068
           2771 0.791323504674016 1.410524305925525
           2772 1.523768240120972 0.201338057072325
           2775 -0.984864712215233 2.153475867156274
           2784 -2.149089757965727 1.714815554040619
           2785 -0.459860827956751 1.658373288375489
           2786 1.339556825896597 1.596835795936963
           2788 0.262026996486173 1.339391042983451
           2789 -0.314417829004150 1.202818907535222
           2796 -1.223614986904115 0.658081518002113
           2798 -0.120262299960738 0.624913114164525
           2799 0.732172847656103 0.606100995810865
           2802 2.290747682287180 0.485312080086918
           2808 -0.879618778756609 2.203415026356108
           2814 2.735958029205104 0.557231358048482
           2816 2.787675815508697 -0.590665357743474
           2818 -2.081573880095154 2.296935304297753
           2819 1.760683939547869 2.297141624302964
           2821 -2.316645757024545 2.162743706378419
           2826 -1.493018036038917 2.092585478623195
           2827 -1.175898488944733 2.090765393874609
           2830 1.556841692962875 2.028836800572837
           2833 -2.896876133807640 1.883466444851873
           2839 2.671831024823048 1.432536063102609
           2840 0.926866241677072 1.029554122859412
           2842 2.728210561818338 0.839961103557389
           2843 -0.393086826239201 0.631971138177010
           2844 -2.897901838125220 0.551745173410327
           2852 -2.680818908756338 2.234541697789522
           2855 -1.920767123648199 2.212518417317656
           2857 1.899704399766327 2.151047514508130
           2861 -2.742938405038890 2.003997581969065
           2862 1.548010487705696 2.002707378115818
           2863 -2.564084190816967 1.925705957742461
           2877 -1.287714154247276 0.272631382988047
           2886 1.665509484894460 -0.904719017266186
           2887 2.261442906916527 0.399364078510070
           2891 -2.615502109292324 1.067446910726211
           2897 0.489449121661905 1.674895667281531
           2900 -2.766070579198424 1.830602192008028
           2907 -2.775270267724746 2.000478246193809
           2908 -2.377901876105882 2.004127782091911
           2915 1.423715058404203 2.104902486510318
           2916 -1.615995495947513 1.271480775284421
           2918 2.521643717385314 0.611250466677178
           2920 -1.991475776414796 0.267308979284213
           2922 2.266182830114710 0.205061547021534
           2927 0.076122861499390 1.192509288582197
           2929 -2.702765601621621 2.192527896094874
           2939 0.335916030946547 2.187153297943112
           2940 -0.424981590215008 1.897720438751093
           2945 -2.744554883774392 2.043567193933081
           2960 -1.199136887147381 2.017480837853874
           2986 -0.151523675969354 1.914170365090148
           2987 0.356661870180174 1.653601714845411
           2993 -1.305157681743471 1.657019807691535
           2997 0.810140961637875 2.226447506736791
           2999 -0.519692729768997 1.711876172464400
           3000 -1.629705714265027 1.519936357318257
           3003 -0.206287139391523 1.020467998965227
           3004 1.425513788711993 0.890936918375635
           3031 -1.771756312433087 1.186368933530005
           3032 -0.525878653672531 1.101112663303238
           3036 2.409404395230544 0.846849150034428
           3041 -1.361627403118196 0.571337300847002
           3043 0.197519044133483 0.524214913936918
           3044 2.683733456261899 0.407986696640185
           3052 -0.129180257633652 1.161730103473348
           3053 -0.237539744826240 1.137989399250362
           3055 -2.137553593319463 1.719182060521842
           3058 2.118389508021964 1.955312912750231
           3072 -1.998369256834359 0.279508275583062
           3081 -1.204617542510687 2.107276857229440
           3083 -2.464359571958255 1.923905559118984
           3084 0.302771650854856 1.618476567371373
           3086 -0.845216393304434 1.575651428008411
           3093 0.356438029881113 1.186716610519220
           3095 -1.685753971430999 1.432883072765549
           3096 2.638597413675172 2.185010406025590
           3123 0.457717947955770 1.251105778794980
           3127 -0.733672806457394 -0.096812645325927
           3131 -1.570842388874614 0.938070173170767
           3138 0.050377223149674 1.488435125179982
           3141 0.461736014789178 1.250502229845509
           3142 1.408892788515756 0.941974031878845
           3145 1.050425705429692 0.727284206030945
           3149 -1.548900986953368 0.337787976479925
           3150 -1.089167427650470 1.968966789663679
           3152 1.833097992276098 1.156831928615692
           3153 2.049816204002674 0.588500932637046
           3154 -1.295169142060992 1.406880323135352
           3173 -0.847009403672725 0.859083909958171
           3177 -1.758944029284594 1.966629217222001
           3178 -2.185193253424909 1.715708913258040
           3179 -2.630349594580730 1.543529820765306
           3185 -1.738087509221661 1.385634751854161
           3187 0.124981059382775 0.629225757882133
           3188 2.436522247066074 0.219015530094030
           3196 2.319699728055394 0.275145677727163
           3203 1.828750838256847 -0.463787566422825
           3212 -1.254815350224741 0.577716940034904
           3217 -0.240725560462541 1.292670577155497
           3231 -2.974380956523073 1.283155743795861
           3237 -2.579945058719948 1.865496492257118
           3251 -2.903003452164391 1.320712866546392
           3252 -2.633534790556919 -0.202685102824343
           3258 -2.682231876811082 1.493155600583869
           3260 2.535099684392097 0.498704937094561
           3269 2.596530690623617 1.551112982889962
           3292 2.892352996316469 1.052578690657121
           3295 2.842665788535026 1.033698791020398
             29 -2.276032184602714 1.388919808440771
             31 0.635734667702712 2.096188992841412
             33 1.156293014982559 2.114499448667928
             34 -1.287510333736461 1.555602134407277
             35 -0.057010255657382 1.484609534310716
             36 1.137956032936617 0.509453084742510
             38 -1.965840151568111 0.915576892420191
             39 -1.785503424360370 0.412441957515968
             41 -2.206767053901018 -0.666488875742415
             42 -1.825173206764863 -0.886235986098370
             43 0.448288055697694 -1.570187455801977
             44 -0.113286452412389 -2.129715750888613
             45 0.156801464145095 0.434605579086751
             77 1.516363587774847 0.211141080050387
            107 -2.501516298943856 0.606542193810889
            371 -1.394345838381861 1.081636078644442
        -99
           B1_2.JPG
             23 2.013537297065522 2.101178424567159
             31 -0.723718777076559 1.562777893841116
             32 -1.609994040092821 1.537631752817059
             36 -0.068952345343425 1.283861107668414
             41 -0.391002861615060 1.135745562317223
             45 1.512101088860181 0.981423691944951
             49 -1.759641671238824 0.650358074361243
             51 -0.725470031886507 0.609285476794617
             57 -1.445906707678531 0.218043140379198
             66 -2.275923601084558 -0.208460525736498
             70 -0.462375885354468 -0.822439022225407
             74 1.765699182500605 -1.181848179346958
             76 1.399953285737395 -1.597999326963387
             88 1.393792910896956 1.600585502275542
             90 0.879353754893155 1.594258915526494
             92 1.366273519308596 1.552399921611078
             94 -0.077529585286848 1.375381378972877
             96 0.817396895557025 1.283779217201253
             97 -1.941229253882675 1.247287051853113
             98 -1.069021038076340 1.253926185629620
            105 -0.279701037544179 1.087929728075208
            112 0.648503479311013 0.909070747237037
            116 0.730721508340553 0.842372153388549
            117 -1.727311333870167 0.799865566989519
            124 0.678637264579723 0.645069608965104
            128 0.160631916962935 0.408848310193387
            131 1.300303931749257 0.298906687735371
            138 0.170806926673083 0.244247327212085
            144 -0.315917406476142 0.022832663827518
            148 1.026021011563195 -0.086924013920030
            155 -1.069013792819641 -0.323083346680507
            156 1.902093809159715 -0.129453480077055
            157 -0.554609337782133 -0.385229917343354
            170 1.821459822042102 -0.718189692892161
            171 0.996665138066351 -1.140996752774294
            218 -2.604868312768193 1.672621943664510
            219 0.170622363291915 1.513540034973483
            227 -1.191536994199690 1.288746317329873
            228 1.337915203260380 1.103712661802515
            229 1.472997294469115 1.072836905048457
            230 1.192274485065763 1.040976937371269
            234 -2.966216600879155 0.846190784998091
            235 -1.406535029454262 0.338702976135117
            236 -0.228570117033185 0.155414188151934
            239 1.640687998103135 -0.072049692582141
            240 -0.318527224204892 -0.499313729321907
            244 1.869824961140673 -0.732202400676848
            246 0.636498088961180 -1.228149945603584
            250 2.008602133265772 -1.262950438844890
            292 -1.052632267423762 1.170827476581881
            297 1.225042111809119 0.817531695464552
            301 0.178166963491115 0.749246867060662
            302 -0.767430364063381 0.752892661165009
            304 -0.310251997067017 0.674410801283901
            306 0.849558208713486 0.619634563330184
            312 0.223818944620653 0.483470640897535
            325 0.720004248365898 0.126003403235899
            326 -0.220120431740590 0.155703045096634
            334 -0.499134123221637 -0.035234064655332
            335 0.022942486665899 0.005913082789432
            358 1.985845925962891 -0.501595603852714
            396 1.541141221696680 -1.507454210011181
            397 2.215013395344423 -1.505898005138149
            406 0.625924590132601 2.088092108650501
            427 -0.724921108359252 0.586754063114047
            432 -1.443671927316266 -0.096746294027738
            436 2.002179403866978 -0.533782656736920
            459 -1.568175753080173 1.876725782149259
            471 1.373429544951163 1.308903002795101
            479 -1.072018667703123 0.758979916112186
            488 0.645915778681658 2.185263811261937
            491 0.609716569568193 1.916091740434029
            504 -1.417236464262969 1.205475152106239
            509 1.359322267500093 1.176630069206657
            510 -2.162450964641475 1.106949956894307
            513 0.847976073448059 1.087094807573002
            518 -0.261982571622730 0.970207367249008
            534 0.791667082373256 0.638037515345015
            538 0.000792592949913 0.494028505224817
            543 -0.489472382749201 0.276775097825783
            545 -2.111365422317173 0.323171433748792
            546 -1.437223648854377 0.304599552854091
            552 2.829257487690736 0.285882004166814
            554 0.115948512255231 0.056095637331489
            564 -0.043150079592669 -0.156712233088911
            575 1.675919012124068 -0.167443602247662
            583 1.851698091538995 -0.707281005608940
            591 -0.946157690960750 -1.093187973124328
            604 1.688756463006357 -1.171853157066380
            622 0.854558961152825 1.925195882137636
            627 3.038590876194784 1.731616970661888
            635 0.866396185281386 1.278006844923497
            636 -0.799038368405637 1.249271966191596
            640 -0.812418641546383 0.769806998925221
            642 2.301351306130453 0.690546750610622
            647 -3.046016686358784 0.442803587041389
            651 1.035174821408119 -0.112560401425314
            655 -0.119128035958083 -0.185798125441401
            659 1.749625389849774 -0.184613335306505
            665 -0.177437671204991 -0.990928420078139
            670 1.852353977934881 -1.417068488706348
            672 0.485049344199263 2.131354227558106
            681 1.656778569243164 1.562886382026947
            683 0.535491965323876 1.495536334735684
            691 -1.443136540979158 1.203875475693015
            698 1.514416901698682 1.009426990414928
            703 -1.005176026711585 0.787034122043704
            710 0.546449462757489 0.562802769785172
            713 -2.182046047380226 0.400721801482486
            716 0.220643234210800 0.346256728237517
            728 1.787082985653023 0.247518751276222
            732 0.402259702549121 0.490202628358576
            735 -2.695789563408622 0.516995206301261
            739 -1.467439419922573 0.306404575095330
            740 -1.421186082487039 0.295078904222631
            745 0.824504873707801 0.131809904485999
            751 0.201418136225311 0.127102775607610
            759 -1.836622332998416 -0.100865603790279
            764 -1.723688419523816 -0.208130294562755
            770 -1.708079562621929 -0.249924557829507
            779 2.007016947365945 -0.499635189921751
            781 -0.318231693997443 -0.901357218157965
            784 1.678443793418933 -0.707168322800809
            815 1.617172564164085 -1.338810183127326
            831 -1.371207348455796 1.737377188068208
            833 -1.258008601782392 1.713031695575526
            836 0.869750739132909 1.575938616637424
            838 1.576832118853333 1.500189505518132
            839 -2.281518273908544 1.520590146402994
            841 1.541761263138373 1.395144913929874
            842 0.674790795931285 1.328461001259433
            851 1.380759456754501 0.609067737764354
            861 -0.661485453997977 -0.362939122451043
            866 -1.913643796993101 -0.611024529066967
            869 1.819045244914918 -1.280549167366160
            876 1.568841744702509 -1.548976394822430
            887 -1.118767923893222 1.255574958190211
            888 -1.927001953034450 1.207257961915757
            889 0.841986534133990 1.228801828041822
            890 -2.296457039898121 1.167526118167700
            891 -2.235991273457060 1.164743081604454
            898 -2.884274415931954 0.747158707814222
            906 -1.837630853664417 -0.109075432953215
            908 0.495737241817822 -0.167835990097295
            915 0.136485001703194 2.077034536108736
            916 -1.220560157882341 1.757618719302672
            919 -2.070497026590662 1.369173051972972
            921 -2.169744554828994 1.019489603313920
            922 -3.039155118435010 0.672621794873259
            928 -2.008704901512104 2.280354677341146
            929 -1.762120597685372 2.180071190602028
            932 -0.045622428108793 2.043045535450771
            938 -1.200434169425757 1.823628966098616
            939 -1.271831216911061 1.782087047496096
            940 -1.647387095912057 1.790852044453573
            941 0.717410827797045 1.749561374193547
            943 -1.972450971644098 1.747407959970656
            944 -2.386927511639865 1.795776245035951
            947 -0.575775973898238 1.258364286686905
            952 -2.205295885461871 1.210200394126375
            956 -1.702799391138063 1.062661132679710
            958 -2.711089543577562 0.899246751147479
            961 -2.476063187833351 0.393011323037814
            966 2.059418457104320 -0.361721156667053
            975 -2.821972024583922 2.169102134124011
            976 -2.362643699161448 2.126148510620053
            977 -2.819879241719720 1.956317524790908
            978 -0.921822780356141 1.876426676979623
            981 -1.167165094652987 1.811471044028810
            982 1.697038554071630 1.481896757670983
            983 2.389271733511212 0.697632039668051
            986 -2.784236821050321 2.264898113828421
            989 2.171448048144126 2.190575811825807
            993 -2.928243626610504 2.143107726072250
            995 -1.468231059549236 1.982405406187315
            997 0.176328193606832 1.969515236529310
            998 1.510042673299135 2.001241738951521
           1001 -1.831793464741022 1.794468380869501
           1003 -1.243001577848126 1.678193736730501
           1011 -2.770344946987551 1.447009893343241
           1014 1.638401547620729 1.194853605785868
           1015 1.086594789528463 1.145971956150537
           1023 -1.162174447440096 -0.193351877543800
           1024 0.455629026050730 -0.174282743241984
           1029 -1.662795087605203 -0.276456687860338
           1032 1.732289015886859 -0.160042000535937
           1037 2.594918049014194 -0.372401618364264
           1044 -0.142693614700075 -0.839366611178792
           1050 1.840981212893640 -0.884815915785414
           1054 1.928219442156816 -0.920809207076915
           1056 -1.553080356080648 -1.200645044528621
           1058 1.663780156519258 -0.994570496221812
           1096 -1.767064055397395 2.122072314901486
           1098 -1.096296569577392 2.084454894455402
           1099 0.807348105845156 1.947136211570226
           1101 1.647362023510586 1.800552394517628
           1102 -0.529687180055626 1.823607039663870
           1105 1.309914955424802 1.668154623249617
           1111 -0.174827662811591 1.507283183820161
           1115 0.469623811358320 1.413688576456380
           1116 -2.018790870830717 1.225463957347172
           1121 -0.122877074970388 0.910799217621314
           1124 -1.770812713080400 0.463648571892999
           1127 -1.398639606299122 0.234668907191685
           1130 1.296775110407665 -0.057414846044612
           1137 -1.252600589650723 -1.232296139081770
           1138 3.029178525084505 -1.032235916493525
           1141 2.062075559666262 -1.249414774014422
           1142 1.832788352884551 -1.308217658710794
           1145 1.601932738692210 -1.470496155590846
           1158 -1.288339915628468 1.767290231338419
           1174 1.692360787549336 1.279988613295256
           1177 0.461412647542834 1.229110514110118
           1178 -1.422632083192390 1.210532627278943
           1182 -1.782816768777682 1.092616169839076
           1183 -0.374292058368688 1.100777856177895
           1184 -1.693713839237828 1.067112294265518
           1190 -0.385558813864548 0.924509912600453
           1194 -1.641069518067720 0.756352747900288
           1199 1.649056650919494 0.767761548560373
           1200 1.018959936916311 0.611817503346181
           1217 -0.012803512574595 0.083436566807480
           1219 0.131104826610421 0.021939018613122
           1224 1.842784900482329 0.099081745325186
           1232 0.133635327844785 -0.395364696812359
           1240 3.091574294444859 -0.468477154153417
           1243 1.996166222136314 -0.494076552716609
           1250 1.694352089153593 -0.721085316931212
           1252 0.893486962736621 -1.157559790916941
           1292 0.662896753737034 0.606376315565418
           1295 -1.096802021564455 0.560648068575893
           1296 -3.085737629451307 0.650651507257543
           1298 -2.169404409093453 0.334233415410587
           1304 -2.857492062381123 -0.152815428972882
           1308 -2.648921475475432 -1.333542118848733
           1310 -1.298658114490741 1.858081591686057
           1311 -1.173770480786449 1.840878063318008
           1315 -2.947419819113276 0.643201095395426
           1325 2.150195422270886 2.096613150188345
           1327 2.128481006615426 2.001533408199808
           1335 0.810103591366481 1.727959927343193
           1336 -1.615949069105246 1.728885985548083
           1345 1.543847134409013 1.355573609817089
           1352 1.490362649458825 1.061526487347756
           1356 -3.073351627773113 0.678350504946172
           1362 2.484115194332278 0.125452763726794
           1375 -2.862720158582467 2.172088276205634
           1376 -3.020420344388263 2.093525097851315
           1378 -1.273796778787572 1.967693459631955
           1385 -1.881945608271410 2.213967134994269
           1388 0.280359402580516 1.975355318590885
           1390 1.358765526722189 1.775729906736890
           1393 -0.517236969077420 1.431101692940906
           1394 1.014919752983507 1.405742341172023
           1395 -0.886452390476082 1.250786796835585
           1397 -1.380233984979192 1.042752692588739
           1399 -0.499384656571694 0.884139723604305
           1404 -2.762601602723841 0.853957414182179
           1412 0.782233376822181 0.186350480932356
           1413 2.702643957574942 -0.181294245079877
           1415 2.783268792789356 -0.293004282166338
           1419 -1.682395127624852 2.223043046413140
           1420 -2.907502494410423 2.108742305729088
           1421 -0.098671053669157 1.982947036791709
           1423 -0.975624721948525 0.956956269408615
           1424 2.469198736106746 0.262089343826712
           1427 2.209267144123713 2.176036762358345
           1428 -0.269891150638718 2.131469818002149
           1431 -3.055760966749845 2.081333428138465
           1432 -2.442699114398735 2.060623052529731
           1433 -1.320022851178161 1.846899920290246
           1435 -0.114534352546425 1.824576760073603
           1438 0.602430510634347 1.604810011258702
           1439 -3.059042692663351 1.693176021926433
           1448 -2.162803980240890 1.214753847296891
           1449 1.977577944081715 1.133910796390589
           1452 -2.715467918933245 0.951925963948531
           1453 1.025572949635772 0.751928184033150
           1458 -0.429857647973268 -0.863623921270864
           1465 1.989163490872320 -1.483738578189666
           1470 -2.489884801972609 1.841358919565225
           1471 -2.522926080154831 1.822443603969770
           1473 0.319266049723515 1.278868172479724
           1474 -1.517866597210538 0.579199167023748
           1477 1.955606131148799 -1.469196966665970
           1478 -2.733766076889838 2.189134744568274
           1479 1.855016800436323 1.320832508614247
           1487 -2.928274776447692 1.581673094315999
           1488 -2.711850200198606 1.543281813721861
           1496 -1.202713755980765 2.084903099381312
           1497 1.427661435329223 2.120272917267421
           1499 2.077512151056904 0.974882655130852
           1501 1.470615892991026 0.322152712524018
           1502 -0.285510970757978 -0.074732344207179
           1505 -2.789246081899664 2.186918315678568
           1507 -2.940024187588403 0.817635417034134
           1509 -2.562398238649633 1.837854217301854
           1514 -2.990457597227114 2.096034911971158
           1516 1.801275680867278 1.935722429796161
           1518 -1.594872426703926 1.804945212720546
           1520 -1.087283088914844 1.502934695148360
           1521 0.880808907501704 1.539574911597199
           1524 -3.074898356017215 1.024546697157324
           1527 -0.921322094985327 0.008201249253688
           1531 -2.885786958600144 1.593201966039401
           1534 -0.223016627773591 2.138467496652918
           1538 -0.024251780817223 1.677269346841298
           1559 -1.419469147314084 2.141686130442095
           1561 0.538372908184880 1.195690337602249
           1575 1.870269972433696 -1.473166604678286
           1597 0.072419963332378 1.262564152264057
           1598 1.698832327098522 1.221736844769613
           1599 2.986350668750281 1.219103956618217
           1604 -1.774503122712839 -0.018920797204141
           1606 2.527759476697661 -0.068878558123888
           1608 -2.828811141745163 -0.438512107099928
           1616 0.336575349306134 1.877170745776120
           1623 3.093711263841691 1.711924934948629
           1625 -0.001775850549794 1.654007115557404
           1630 0.263007012787004 1.507262687370289
           1637 -1.519029651575338 1.198462124951147
           1648 -0.649972550439010 0.798993943542195
           1651 0.142906587114088 0.741722667979008
           1653 -0.727947147018881 0.745727292954593
           1655 3.033943997345784 0.852512748129377
           1657 0.773265274346326 0.592231286513654
           1663 1.155980706285913 0.393090258202901
           1680 1.858733998452083 0.051163714830788
           1684 1.900920840233117 -0.108150328071574
           1686 2.538517920236708 -0.114753044899937
           1697 1.636786618035507 -0.617247632577246
           1700 2.052202181432363 -0.704559267730658
           1702 1.875831278943938 -0.729702405786478
           1752 0.829127347481605 1.756687227155257
           1754 -1.553909842640330 1.490006773889661
           1756 -1.704620333877575 1.309602837392806
           1764 -1.948291567849784 0.599320388864083
           1767 0.111036990872077 0.061901185258339
           1768 -2.116563893998528 0.023172046904459
           1771 -1.451886523095451 -0.147020748931080
           1773 -0.016265029294749 -0.475706776350872
           1774 -1.883444232420152 -0.508847724478865
           1779 0.629742459083544 2.108820406736331
           1781 -0.442104419769959 2.068249567029174
           1792 2.634341778687905 1.774403071437769
           1794 3.019391708601690 1.736794421565584
           1797 3.091127757834636 1.637870403572083
           1804 -0.205172513847815 1.366731686462467
           1819 -1.963456366781897 0.950791413948902
           1822 -0.490126934492539 0.875572970216631
           1835 1.394276436449273 0.286645234760633
           1846 1.836378568243433 0.035795000055535
           1853 -0.889142287357819 -0.340956250968429
           1855 0.143467903843591 -0.401248417245696
           1857 2.821056619766348 -0.240857309735669
           1888 1.615638095061149 -1.201033619085254
           1899 -2.975858250064100 -1.241358811224009
           1904 -2.858496769754125 -1.349978174334502
           1911 1.561999934403087 -1.686742662973404
           1945 1.639409400960455 -1.088703921886400
           1946 -2.606206063618525 -1.352618498407248
           1960 1.214086521022006 1.982135162879068
           1979 0.741366697077519 1.040838228838418
           1986 0.665544323066478 0.878289655481688
           1993 0.617897227039684 0.742374931746546
           1999 0.836417982367049 0.578909547420448
           2021 2.526555620097768 1.600087438543665
           2034 -0.219066818884872 1.212825083697823
           2038 -0.337093957154045 1.074641259963422
           2039 -0.243689442446281 1.065813963331567
           2055 -1.800470885379767 0.643423982371237
           2062 0.499147851076435 0.484407376322824
           2068 0.359850164456925 0.360250941551156
           2071 1.341778069068714 0.285326407376810
           2072 -1.455224679787076 0.294470111995285
           2073 0.166870082980561 0.279354599875189
           2076 0.301424033108888 0.259514799058206
           2079 -1.531777776069117 0.218430761612581
           2089 -1.455419920388643 -0.135893178629696
           2093 -1.115531582124679 -0.332137629578148
           2096 1.736408516314050 -0.156912621636026
           2106 1.732518194796120 -0.481953903607046
           2116 -2.607401530973819 -0.900999531274627
           2146 1.932906741911608 -1.466187897160188
           2163 0.602235270032781 1.614888115660504
           2165 -1.908813117421533 1.463438894236962
           2167 1.621404556734756 1.193413706349316
           2171 -2.802809607602109 0.783167347610045
           2177 -1.377096788828632 0.183154941398906
           2179 -0.096111190078697 -0.149656878381526
           2186 -2.338930164651082 -0.596876449380804
           2187 -0.366715998502243 -0.879940239356454
           2189 2.047061481139948 -0.731662438388141
           2203 1.335408344442612 2.067847884277856
           2225 -0.862399472888775 1.271768869570522
           2242 -0.984342291074323 0.800561778958875
           2249 -0.225620725562843 0.695786215191719
           2256 -2.570806025385397 0.372586181745432
           2263 -0.182402769354786 0.281484705344622
           2268 0.107973009947105 0.062057148942012
           2280 0.277477315731612 0.294686325708348
           2287 0.147665958106568 0.190310395047524
           2290 0.165519414600194 0.038936962822344
           2298 0.459883135720797 -0.198318882340095
           2301 1.911098137919064 -0.068736512959662
           2302 -1.058595495016135 -0.302700342275768
           2320 0.988590490140242 -0.676460064941748
           2361 1.430627414624113 -1.657225487182687
           2373 1.488170768642802 2.194118849600362
           2378 0.474008335648965 1.554987002580320
           2386 -1.403268372006374 1.190683007232487
           2393 -2.162289567015278 0.705923282636523
           2396 -2.984034915494483 0.478598587096924
           2399 -2.018058432577868 0.038664121708241
           2400 -1.481381391122122 -0.153442906335924
           2408 -3.053521842808523 -0.941368957612174
           2411 2.248488769268458 -1.498815576050469
           2417 -2.538759969009842 1.676906941007873
           2418 -0.516691858843164 1.495034982038595
           2422 -0.326141988995281 1.008401786592055
           2426 2.419090159448876 0.300820960821042
           2429 -2.317253500596315 -0.350191093289589
           2437 -1.042886825169991 1.440828164062006
           2438 -2.980062536677823 0.995962634163547
           2440 -3.023518132538983 0.430674074004428
           2442 -1.896448991532787 -0.313229034911605
           2447 -0.225427772937076 2.126665116489139
           2452 -1.021995318143789 2.061283300379487
           2457 -1.629688363781880 1.734505397110403
           2463 -2.869712021961413 1.586277073618756
           2467 1.639153147670900 1.206063352551388
           2471 -2.254982330584714 0.831694551661088
           2472 1.313171507646241 0.788458196314309
           2479 -2.301588588287338 -0.634754079407930
           2481 1.959493020703029 -0.828512453985461
           2485 -2.872263639305761 1.754780342324773
           2488 -2.288989563549833 -0.264998695720561
           2489 1.025089805412756 2.218294590971870
           2491 -0.036829546446257 2.043561640825151
           2494 -1.282245129427617 1.774958811226261
           2498 -2.024400701494376 1.506998902827060
           2500 0.413023484698368 1.481185578526605
           2502 -2.713669712953243 1.488860974675683
           2505 0.838512242882289 1.219978440035291
           2506 -0.492884898654314 -0.035489555286288
           2508 -0.243949890358136 -0.022866030141262
           2511 2.498272044592339 0.073563951232181
           2526 -0.600104401904748 -0.392131405678216
           2550 -1.119842700525087 -1.264593205469007
           2564 1.844248823664777 -1.405320495633971
           2569 1.645454995681614 -1.583067615565859
           2570 1.674530592143007 -1.605608371814277
           2577 -0.674198591528487 2.182039767363317
           2581 0.198442242368624 1.651203582544287
           2599 -1.381797816438222 0.229973980850893
           2601 0.504515442302311 -0.147365851947520
           2603 1.991092254471387 -0.498534673562141
           2606 -2.902456721280610 -1.188333065421641
           2607 2.217039779244274 -1.498604700947605
           2617 -0.653650662201526 2.011822864366098
           2633 -0.511650876162682 1.436763861050981
           2637 1.822162611941881 1.339915561435510
           2638 1.872221997120060 1.318449677151282
           2643 0.848007723779953 1.092060382384422
           2649 0.768857870297685 1.012529104269894
           2653 -0.136048570319419 0.926307880249643
           2667 -1.747646195450790 0.632363907355942
           2668 -0.453772143024700 0.636003504859165
           2671 0.116038505970015 0.506463463031025
           2681 0.174950069516870 0.240207524608581
           2684 -1.446314539364811 0.225517385322561
           2692 1.024180335032412 -0.104127303957267
           2695 3.099639409138470 0.064085058159063
           2701 -1.618308448816265 -0.309529950037592
           2717 1.946800856284015 -0.529150077736668
           2718 -2.403593175030358 -0.742630422377502
           2719 1.691442165265794 -0.595454472421349
           2722 1.870490762098358 -0.740521480684215
           2730 1.912665401341794 -0.869853316714591
           2732 -1.059430415518341 -1.170813272065459
           2738 1.816530759511151 -1.060606435079339
           2753 -0.374870344252039 1.108348672766466
           2755 -2.229848344432093 0.835413560991022
           2761 -1.518910486169108 0.267024698291112
           2766 -2.985823302245012 -0.750661408098769
           2771 0.857063150665494 1.221689464604097
           2772 1.648337463859818 -0.083240563547314
           2775 -1.057175043373880 2.057756457183638
           2784 -2.320798337768504 1.573232322595790
           2785 -0.511609311268989 1.470918573122849
           2786 1.457696456309251 1.422838382343654
           2788 0.280169500589148 1.140036565597059
           2789 -0.351835575895556 0.979038953835487
           2796 -1.380286417757932 0.319961403701945
           2798 -0.145794012573191 0.281733522712829
           2799 0.818991233360051 0.215077923742909
           2802 2.465385443107403 0.250534112715452
           2808 -0.942721913968341 2.111773921329728
           2814 2.945116006231182 0.328515763887372
           2816 3.067663422021777 -1.006156424341716
           2818 -2.122068287110755 2.268187531868898
           2819 1.844947037612957 2.237511907456333
           2821 -2.374598229715901 2.124386864586681
           2826 -1.603888958000873 1.987735579475634
           2827 -1.265007519753386 1.987064535240075
           2830 1.633467909138179 1.954893140690247
           2833 -2.977407900839790 1.836044619109015
           2839 2.846125970602631 1.296472048946542
           2840 1.025637394287461 0.740466569265024
           2842 2.919980685426011 0.648930949456239
           2843 -0.458451625528844 0.240826422062374
           2844 -3.044247169450332 0.404913182482715
           2852 -2.736971054323461 2.203282240343946
           2855 -1.961075251300782 2.179357032322495
           2857 1.998794343671461 2.078510209000238
           2861 -2.812698572671144 1.963447572374917
           2862 1.623350480152321 1.927869810854938
           2863 -2.634421714842404 1.879393561931600
           2877 -1.466319837097966 -0.149516739863800
           2886 1.850210144610651 -1.425406253849412
           2887 2.434831432950165 0.154020238896024
           2891 -2.725402929515247 0.966657858792894
           2897 0.529276297734946 1.506621577484775
           2900 -2.845521277665260 1.779234466001774
           2907 -2.843450302070398 1.960605620434832
           2908 -2.439680320995805 1.961086357516643
           2915 1.489963397681793 2.039743390544909
           2916 -1.786921969356125 1.044621778152367
           2918 2.708233482453379 0.393335643607408
           2920 -2.268416657153726 -0.166219916524173
           2922 2.451765504501649 -0.071694103009953
           2927 0.076339075212453 0.938448928497927
           2929 -2.758930879216510 2.161099760016780
           2939 0.356792284800752 2.094910014369432
           2940 -0.461743069381227 1.771953459681153
           2945 -2.811727994270486 2.004549937460020
           2960 -1.300298402474408 1.893591166760592
           2986 -0.169671137353229 1.775393145298886
           2987 0.386157691530095 1.480314241076255
           2993 -1.421611836650415 1.497706956443235
           2997 0.865551922211332 2.133564793509825
           2999 -0.575939564167910 1.535309838709759
           3000 -1.795700551169913 1.325530866918738
           3003 -0.240183119533385 0.728460606921242
           3004 1.587788472299046 0.577457636110948
           3031 -1.965440804458755 0.944441899775695
           3032 -0.591915164524008 0.836744304915468
           3036 2.573601359818566 0.661557143906364
           3041 -1.532382278341838 0.222905088953361
           3043 0.211216011257824 0.160546880529050
           3044 2.896303186534489 0.158436604183214
           3052 -0.151784123881209 0.904454279399707
           3053 -0.272681718455638 0.877180273215854
           3055 -2.307574790970032 1.579718447990698
           3058 2.235567044610883 1.866473791586687
           3072 -2.276049344421211 -0.149760409286458
           3081 -1.293677381839649 2.005441628361754
           3083 -2.532234042369253 1.877396159058544
           3084 0.326414448780084 1.441836589395682
           3086 -0.939486525523048 1.382656093360049
           3093 0.387968624375483 0.933366476256077
           3095 -1.863042066218091 1.224479079097766
           3096 2.784806693855991 2.111976883849618
           3123 0.494631005518713 1.039319012907480
           3127 -0.855927170680989 -0.623750822458326
           3131 -1.765965064354985 0.636477878508284
           3138 0.049687779775393 1.289189612641047
           3141 0.499705735842239 1.038304009643380
           3142 1.568582059449253 0.637151496716618
           3145 1.173491347738897 0.377480161980789
           3149 -1.762756559625337 -0.076108942979942
           3150 -1.184550469430943 1.839641555396808
           3152 1.947098293137964 1.007194593360788
           3153 2.199737343589054 0.368824558866230
           3154 -1.428770150268782 1.202941314240500
           3173 -0.948324785372276 0.568677338315311
           3177 -1.876458851639305 1.863364337142698
           3178 -2.360162437072937 1.576474765633132
           3179 -2.716437210347516 1.476593611096796
           3185 -1.917752238870593 1.174671371257544
           3187 0.129665308503169 0.285710596646494
           3188 2.635805701870353 -0.056492410468071
           3196 2.503830300468182 0.012784446109598
           3203 2.003692137199817 -0.860612563789282
           3212 -1.414227013427887 0.230563134619292
           3217 -0.269321063335317 1.079939353924384
           3231 -3.085822192202703 1.199878953965053
           3237 -2.651657989864085 1.816651497900743
           3251 -3.008529698408089 1.239555600296945
           3252 -2.831757315749536 -0.471853825104336
           3258 -2.771045234413799 1.423799999505763
           3260 2.728754337400045 0.264426892435310
           3269 2.761447604929914 1.425811892892217
           3292 3.092272127063739 0.882213343313362
           3295 3.039756981193983 0.861015247530013
             29 -2.467552251521955 1.215100952292156
             33 1.241386648262904 2.008538475105764
             34 -1.411917492522835 1.376824233711504
             35 -0.068662153746175 1.283867876263488
             36 1.283933464903077 0.094871297859961
             37 -0.596920874244246 1.599015855544687
             40 -0.854794622660184 0.405382026856984
             41 -2.576893232666411 -1.327885861342807
             42 -2.233763357022194 -1.809208855623112
             45 0.165876338824932 0.048466572692353
             77 1.640723843057329 -0.071911079381615
            107 -2.670132345790329 0.416377847885240
            371 -1.558769693903344 0.810395308280931
        -99
